ChanID 	 PedRMS(pes) 	 DarkNoise Rate 
1000	0.10446	0.0257535
1001	0.103962	0.0322743
1002	0.103042	0.0236431
1003	0.0821975	0.0199833
1004	0.111685	0.0462628
1005	0.114806	0.0449432
1006	0.140662	0.0393192
1007	0.141463	0.0102044
1008	0.0993692	0.035403
1009	0.0942724	0.0205951
1010	0.105447	0.0342098
1011	0.103214	0.0311858
1012	0.136672	0.00942641
1013	0.140378	0.00746101
1014	0.14449	0.0592247
1015	0.124766	0.0381668
1016	0.100726	0.0538426
1017	0.0996581	0.0301906
1018	0.100633	0.023913
1019	0.101891	0.0419919
1020	0.115315	0.0410703
1021	0.113004	0.0269385
1022	0.114134	0.0296621
1023	0.114377	0.0282528
1024	0.0983761	0.0380351
1025	0.0674225	0.0267802
1026	0.10057	0.0399367
1027	0.10327	0.0558866
1028	0.112321	0.0479202
1030	0.112508	0.0218031
1031	0.097997	0.0321235
1032	0.0972421	0.0267321
1033	0.0842229	0.0291232
1034	0.0981114	0.0506452
1035	0.0650621	0.038624
1036	0.089621	0.0241248
1037	0.0878198	0.0321532
1038	0.0883122	0.028992
1039	0.089401	0.0208639
1040	0.0756862	0.0307549
1041	0.0982164	0.0346099
1042	0.0936353	0.0266578
1043	0.095934	0.0268727
1044	0.0886047	0.0224821
1045	0.0876567	0.0288344
1046	0.0923691	0.0592881
1047	0.0889723	0.0262463
1048	0.0947686	0.0349582
1049	0.0950701	0.0271086
1050	0.0965503	0.0552594
1051	0.0962659	0.0357014
1052	0.0703518	0.046021
1053	0.0922315	0.026032
1054	0.0898578	0.0312301
1055	0.0927171	0.0662235
1056	0.0722184	0.0421457
1057	0.0944728	0.0311071
1058	0.0962147	0.0631466
1059	0.0944231	0.0259474
1060	0.1003	0.0359656
1061	0.0933976	0.040383
1062	0.0674526	0.0238388
1063	0.0906111	0.0277826
2000	0.0970636	0.0236937
2001	0.096531	0.0197061
2002	0.0496239	0.0658506
2003	0.0751414	0.0247175
2004	0.0962975	0.0417487
2005	0.0994776	0.0451934
2006	0.122244	0.0230691
2007	0.121149	0.0355368
2008	0.0950473	0.0137439
2009	0.0969999	0.0381329
2010	0.0940416	0.0229403
2011	0.0969487	0.0319356
2012	0.120561	0.0425872
2013	0.124779	0.0326093
2014	0.12185	0.0360291
2015	0.122928	0.00526534
2016	0.0958019	0.0280743
2017	0.0966829	0.0338535
2018	0.0960429	0.0146736
2019	0.0974662	0.0443681
2020	0.0830869	0.0266831
2021	0.104101	0.0446543
2022	0.106819	0.0552378
2023	0.103178	0.0199218
2024	0.0937953	0.0378531
2025	0.0959964	0.0403561
2026	0.0970078	0.0313823
2027	0.1023	0.0429596
2028	0.100902	0.0128768
2029	0.103085	0.0209409
2030	0.105398	0.0566086
2031	0.104381	0.0294866
2032	0.0950764	0.0390574
2033	0.0958146	0.00968096
2034	0.0959485	0.0499734
2035	0.0977903	0.043496
2036	0.0823673	0.0376124
2037	0.0813124	0.0374313
2038	0.0813856	0.0403523
2039	0.0829205	0.0323299
2040	0.0977064	0.0686522
2041	0.0976419	0.0342165
2042	0.0937144	0.0798857
2043	0.087167	0.0465318
2044	0.0811667	0.019703
2045	0.0835454	0.0435373
2046	0.0825858	0.0216096
2047	0.0827716	0.0501165
2048	0.0908453	0.027585
2049	0.0907808	0.0111274
2050	0.0885444	0.0155032
2051	0.0904951	0.0291815
2052	0.0856373	0.0347515
2053	0.0872084	0.0542826
2054	0.0612115	0.0769533
2055	0.0825151	0.0201253
2056	0.0916822	0.0611614
2057	0.0879691	0.00146144
2058	0.0901047	0.0171203
2059	0.0899033	0.00845388
2060	0.0898486	0.031867
2061	0.0851672	0.0537522
2062	0.0823291	0.0137517
2063	0.0818461	0.0145947
3000	0.0785507	0.053778
3001	0.0762124	0.0121341
3002	0.0757717	0.041762
3003	0.039099	0.0201533
3004	0.0872407	0.0638618
3005	0.0956396	0.0442867
3006	0.0958654	0.0409262
3007	0.0956082	0.0501274
3008	0.076026	0.022256
3009	0.0708363	0.0271269
3010	0.0772525	0.0269419
3011	0.0767267	0.0382458
3012	0.0935689	0.0416197
3013	0.1159	0.059189
3014	0.0940947	0.0305196
3015	0.0956495	0.0181285
3016	0.0746656	0.0216161
3017	0.0762572	0.0288004
3018	0.0759742	0.0392497
3019	0.0751257	0.0283092
3020	0.0421187	0.0465603
3021	0.080363	0.0262983
3022	0.0635396	0.044649
3023	0.0809157	0.0238932
3024	0.0762074	0.0361434
3025	0.0750326	0.036442
3026	0.0777929	0.0840526
3027	0.0794844	0.0336668
3028	0.0802756	0.0263186
3029	0.081353	0.0239189
3030	0.0819604	0.0324107
3031	0.0818163	0.0254208
3032	0.0748112	0.0384025
3033	0.0759545	0.0425005
3034	0.0574593	0.0318635
3035	0.076446	0.037875
3036	0.0698156	0.0389914
3037	0.036198	0.0851074
3038	0.0693915	0.0434901
3039	0.0690874	0.0498659
3041	0.0747385	0.065944
3042	0.0728702	0.0219579
3043	0.0739264	0.0252578
3044	0.069703	0.0362062
3045	0.0696685	0.0312934
3046	0.0693818	0.0349793
3047	0.0693529	0.0222445
3048	0.0370611	0.0464396
3049	0.0719113	0.0270547
3050	0.0731432	0.0519215
3051	0.0373195	0.0524851
3052	0.0712729	0.0350613
3053	0.073162	0.0196905
3054	0.0711757	0.0268704
3055	0.0733287	0.0288122
3056	0.0729151	0.0304292
3057	0.0729678	0.0269457
3058	0.0537085	0.0665501
3059	0.0718143	0.0230621
3060	0.0770265	0.0286715
3061	0.0725293	0.0228954
3062	0.0730899	0.031181
3063	0.072823	0.0313508
4000	0.0751552	0.0437455
4001	0.0750471	0.0572055
4002	0.0725531	0.02868
4003	0.074777	0.0720147
4004	0.0874369	0.031172
4005	0.0877209	0.0224215
4006	0.0902603	0.0349915
4007	0.0657956	0.0243549
4008	0.0728432	0.0286251
4009	0.0730661	0.0224187
4010	0.0740521	0.0310215
4011	0.0720864	0.0282432
4012	0.103652	0.0243791
4013	0.0901593	0.0296665
4014	0.0888507	0.0271974
4015	0.0912067	0.0480295
4016	0.0718511	0.0151964
4017	0.073969	0.0534842
4018	0.0739073	0.0594801
4019	0.0728425	0.0254962
4020	0.0780711	0.0240075
4021	0.077016	0.0302708
4022	0.0765564	0.0217281
4023	0.0785625	0.0561223
4024	0.0729789	0.0340179
4025	0.0730474	0.0370178
4026	0.0736241	0.0261258
4027	0.0539394	0.0256566
4028	0.0760202	0.0282285
4029	0.0797294	0.0519356
4030	0.0770902	0.0233207
4031	0.0779443	0.0248164
4032	0.072779	0.0217365
4033	0.0726943	0.0260857
4034	0.0728834	0.0335856
4035	0.074671	0.044899
4036	0.0680475	0.034128
4037	0.0654518	0.0183728
4038	0.0698164	0.0866474
4039	0.0677524	0.0590025
4040	0.0707631	0.0186686
4041	0.0731321	0.0373894
4042	0.0730311	0.0321598
4043	0.0745656	0.0431509
4044	0.0692543	0.0530663
4045	0.0677515	0.0462114
4046	0.0683525	0.0528943
4047	0.0679483	0.0507812
4048	0.0719689	0.0313106
4049	0.0719518	0.0408195
4050	0.0713294	0.0219086
4051	0.053854	0.0293853
4052	0.0702671	0.023759
4053	0.0717134	0.0775971
4054	0.0697726	0.0274768
4055	0.0707039	0.0472874
4056	0.0704372	0.0291003
4057	0.071221	0.0212504
4058	0.0710372	0.0194365
4059	0.0702696	0.0214824
4060	0.0750746	0.0226387
4061	0.0716143	0.0385394
4062	0.0702385	0.0202577
4063	0.0712078	0.0332023
5000	0.14549	0.00753822
5001	0.124558	0.0375156
5002	0.141755	0.01039
5003	0.136148	0.0142634
5004	0.113023	0.000691864
5005	0.186633	0.000622319
5006	0.199163	0.000668223
5007	0.188308	0.00846599
5011	0.137928	0.0100342
5012	0.19249	0.00775222
5013	0.210119	0.0144493
5014	0.176104	0.0217936
5015	0.202677	0.016987
5016	0.136275	0.0268165
5017	0.138803	0.052525
5018	0.107709	0.0126254
5019	0.137344	0.0316232
5020	0.14873	0.00822738
5021	0.139512	0.00876808
5023	0.162252	0.000826216
5024	0.134331	0.00528758
5025	0.134634	0.0316404
5028	0.138613	0.00706188
5031	0.166475	0.0231275
5032	0.120816	0.0274972
5033	0.133087	0.00697263
5034	0.133049	0.0246544
5035	0.135238	0.0123641
5036	0.123473	0.0454728
5037	0.120012	0.0406849
5038	0.121141	0.0327225
5039	0.0959328	0.0580866
5040	0.105824	0.0132484
5041	0.132825	0.0353038
5042	0.131521	0.0320817
5043	0.131362	0.0264884
5044	0.121818	0.0324934
5045	0.120612	0.00868599
5046	0.122282	0.033789
5047	0.12216	0.0423252
5048	0.126101	0.0189284
5049	0.12771	0.0207406
5050	0.12892	0.0403576
5051	0.129704	0.030489
5052	0.123356	0.0115745
5053	0.121043	0.00746026
5054	0.12483	0.00916096
5055	0.123271	0.00718777
5056	0.1083	0.0252497
5057	0.129444	0.0414839
5058	0.126525	0.0238075
5059	0.126649	0.0239856
5060	0.133685	0.0314561
5061	0.121341	0.0181972
5062	0.124671	0.0712062
5063	0.123193	0.00589295
6000	0.123917	0.030208
6001	0.112965	0.0063749
6002	0.121185	0.0250621
6003	0.124135	0.0284054
6004	0.152424	0.0115075
6005	0.160292	0.010143
6006	0.163891	0.0231349
6007	0.162321	0.0432741
6008	0.124531	0.00816159
6009	0.114035	0.0542529
6010	0.126352	0.00825926
6011	0.123479	0.0203817
6012	0.160297	0.0140516
6013	0.165229	0.00973498
6014	0.163022	0.00916638
6015	0.168665	0.0171191
6016	0.11526	0.0282023
6017	0.115389	0.0384486
6018	0.109824	0.0259835
6020	0.136784	0.0447368
6022	0.138921	0.0422989
6023	0.136684	0.00947146
6024	0.11703	0.0303471
6025	0.116927	0.0222496
6026	0.118394	0.0284775
6027	0.130239	0.0424992
6028	0.135067	0.0560228
6029	0.139305	0.0307433
6030	0.114707	0.0187159
6031	0.140272	0.0105559
6032	0.104946	0.00838291
6033	0.0879878	0.038857
6034	0.110381	0.0347676
6035	0.108501	0.0102356
6036	0.102498	0.0180932
6038	0.101138	0.0281134
6039	0.103071	0.0374514
6041	0.110874	0.00847771
6042	0.109882	0.0470333
6043	0.110582	0.0223773
6044	0.102597	0.0391013
6045	0.102673	0.0256928
6047	0.100805	0.0927749
6048	0.106935	0.0486447
6049	0.105757	0.0236749
6050	0.105647	0.0650034
6051	0.107905	0.0521911
6052	0.106597	0.033411
6053	0.109278	0.0540128
6054	0.0945567	0.108804
6055	0.107048	0.0300446
6056	0.106189	0.0111622
6057	0.105371	0.0101906
6058	0.107179	0.0104355
6059	0.106484	0.0489346
6060	0.118412	0.0477927
6061	0.106569	0.0238543
6062	0.105757	0.025325
6063	0.0825067	0.0256039
7000	0.0993995	0.0240076
7003	0.103275	0.0299426
7004	0.137817	0.01254
7005	0.13576	0.00861866
7006	0.134299	0.00783826
7007	0.13336	0.0122478
7008	0.102668	0.0315905
7009	0.103146	0.0196411
7010	0.10494	0.0537008
7011	0.0808504	0.0367585
7012	0.131371	0.00733534
7013	0.137811	0.00796955
7014	0.135109	0.00766581
7015	0.137393	0.00665585
7016	0.0996949	0.02691
7017	0.101468	0.079619
7018	0.097103	0.0206851
7019	0.100285	0.0458042
7020	0.115548	0.0232817
7021	0.113938	0.034908
7022	0.11308	0.0214951
7023	0.116677	0.0692915
7024	0.0968187	0.0157485
7025	0.0994303	0.0460117
7026	0.0986281	0.0279675
7027	0.0969716	0.0277353
7028	0.112001	0.0415853
7030	0.0916211	0.0272737
7031	0.116643	0.0487952
7032	0.0998609	0.0584235
7033	0.097694	0.0334686
7034	0.0960493	0.0315891
7035	0.104227	0.0324451
7036	0.0818188	0.0284072
7037	0.0817928	0.0400936
7038	0.081693	0.0261031
7039	0.0819016	0.0379328
7040	0.0944333	0.0169378
7041	0.0955792	0.0374493
7042	0.0943144	0.0403658
7043	0.0952851	0.0175553
7044	0.0815308	0.0444217
7045	0.0817208	0.0166146
7046	0.0812626	0.0258887
7047	0.080929	0.0324097
7048	0.0898743	0.0182938
7049	0.0932491	0.0535971
7050	0.0825359	0.0413715
7051	0.091626	0.0184457
7052	0.0849218	0.0113982
7053	0.080129	0.0344657
7054	0.0860847	0.0398864
7055	0.0853074	0.0317789
7056	0.0909052	0.0335711
7057	0.0897901	0.0384143
7058	0.0911462	0.0282909
7059	0.0892752	0.0202334
7060	0.0845899	0.0190889
7061	0.0852441	0.0381172
7062	0.0840635	0.02464
7063	0.0852701	0.0385431
8000	0.0940367	0.0275319
8001	0.0943515	0.0288586
8002	0.0932503	0.0512584
8003	0.0946389	0.0277975
8004	0.125581	0.00593382
8005	0.124409	0.0415665
8006	0.12371	0.00731494
8007	0.127865	0.0315161
8008	0.0931757	0.0546671
8009	0.092148	0.0165488
8010	0.0836291	0.0313443
8011	0.0928895	0.0216032
8012	0.120633	0.0925122
8013	0.125087	0.00652889
8014	0.123103	0.0301058
8015	0.124933	0.0274756
8016	0.0894681	0.0195816
8017	0.0673779	0.0304669
8019	0.0919723	0.0513375
8020	0.105402	0.0299967
8021	0.104443	0.0402745
8023	0.103537	0.036845
8024	0.0917275	0.0495903
8025	0.093243	0.0625485
8026	0.09025	0.0261189
8027	0.0907931	0.0508366
8028	0.104757	0.0755117
8029	0.10516	0.0357201
8030	0.102031	0.0438747
8031	0.105282	0.0497655
8032	0.0679854	0.0301542
8033	0.0913072	0.0321854
8034	0.0915551	0.0605056
8035	0.0609014	0.0241701
8036	0.0803854	0.039972
8037	0.0791177	0.0316629
8038	0.0797875	0.0342706
8039	0.0804454	0.032338
8040	0.0888029	0.0247139
8041	0.0873276	0.0196326
8042	0.0892056	0.0186638
8043	0.0450594	0.0401457
8044	0.0799528	0.0233075
8045	0.0795085	0.0226273
8046	0.0804345	0.0344142
8047	0.0795586	0.0256336
8048	0.086862	0.0373589
8049	0.0885067	0.0613153
8050	0.085564	0.0324072
8051	0.0883203	0.0365839
8052	0.0843374	0.0498635
8053	0.0839148	0.0440913
8055	0.0831711	0.0421021
8056	0.0860979	0.035893
8057	0.0873576	0.0340651
8058	0.0873746	0.0286575
8059	0.0873477	0.0390765
8060	0.0858684	0.0371783
8061	0.0847938	0.0236973
8062	0.0862506	0.0562122
8063	0.0837349	0.0206283
9000	0.133008	0.00774088
9001	0.137427	0.0718743
9002	0.129997	0.0287776
9003	0.134188	0.013978
9004	0.191448	0.00960044
9005	0.180035	0.0151775
9006	0.0937249	0.000227401
9007	0.104703	0.00026516
9008	0.131475	0.00670732
9009	0.132372	0.0282758
9010	0.135434	0.0363322
9011	0.109547	0.0297696
9012	0.175858	0.0446576
9014	0.160976	0.00911769
9015	0.184369	0.00803192
9016	0.123743	0.0280703
9017	0.126201	0.0500656
9018	0.122854	0.0111501
9019	0.125638	0.0313252
9020	0.150276	0.0285943
9021	0.146261	0.0246243
9022	0.164383	0.0183773
9023	0.146799	0.0349487
9024	0.12383	0.0288853
9025	0.122515	0.0364972
9027	0.118601	0.0234769
9028	0.134773	0.00642635
9029	0.148203	0.0318199
9030	0.147624	0.00936282
9031	0.152709	0.0148854
9032	0.101958	0.0180274
9033	0.121116	0.0393099
9034	0.102707	0.0268351
9035	0.136566	0.0399162
9036	0.123194	0.0212215
9037	0.102722	0.0218303
9038	0.104764	0.0332122
9039	0.0925515	0.0392304
9040	0.116432	0.00772854
9041	0.094042	0.026489
9042	0.116285	0.031962
9043	0.118034	0.0182493
9044	0.103908	0.0418123
9045	0.0829791	0.0523043
9046	0.106664	0.0470761
9047	0.0887393	0.0500133
9048	0.111383	0.0321184
9049	0.111687	0.0174542
9050	0.110875	0.00597708
9051	0.113777	0.0446487
9052	0.110669	0.0372326
9053	0.109642	0.0255741
9054	0.109826	0.0282014
9055	0.115116	0.0561173
9056	0.111226	0.0237423
9057	0.116626	0.0617294
9058	0.111607	0.00785515
9059	0.111107	0.0268142
9060	0.111605	0.0405418
9061	0.110258	0.0338585
9062	0.112793	0.030448
9063	0.109684	0.0354484
10000	0.121598	0.0298058
10001	0.119955	0.00520125
10002	0.121009	0.0420347
10003	0.123378	0.0370192
10004	0.159152	0.0160128
10005	0.153414	0.00775587
10006	0.157947	0.00740938
10007	0.156302	0.00633767
10008	0.122191	0.0366641
10009	0.120861	0.0214979
10010	0.138865	0.0107555
10011	0.121257	0.0328117
10013	0.165638	0.00998809
10014	0.160802	0.0363386
10015	0.164519	0.0459904
10016	0.115114	0.0359206
10017	0.0856976	0.0165106
10018	0.113841	0.0266852
10019	0.118761	0.0628422
10020	0.135589	0.0238444
10021	0.133116	0.0270144
10022	0.135255	0.0411973
10023	0.109411	0.0467172
10024	0.116948	0.0366399
10025	0.11652	0.0412489
10027	0.11253	0.0259302
10028	0.133405	0.0306414
10029	0.127867	0.0280573
10030	0.135647	0.0247563
10031	0.13644	0.0282054
10032	0.113623	0.0344433
10033	0.113653	0.0306133
10034	0.111883	0.00772501
10035	0.11999	0.0218279
10036	0.0976983	0.0200835
10037	0.0956962	0.040061
10038	0.0973857	0.0295824
10039	0.0837887	0.0191433
10040	0.0951532	0.0225054
10041	0.112311	0.0340904
10042	0.112451	0.0350604
10043	0.114734	0.0436411
10044	0.0986009	0.0452891
10045	0.0776486	0.0327013
10046	0.0976551	0.0259279
10047	0.0991979	0.0579297
10048	0.107519	0.0356826
10049	0.105723	0.00450815
10050	0.107967	0.0415926
10051	0.108104	0.0170976
10052	0.100887	0.0580266
10053	0.100802	0.0273492
10054	0.101671	0.0487687
10055	0.100204	0.0365709
10056	0.107977	0.0447299
10057	0.106558	0.0231624
10058	0.106105	0.0188596
10059	0.105473	0.0256588
10060	0.104454	0.0332596
10061	0.103238	0.0511712
10062	0.102102	0.0360194
10063	0.101154	0.030588
11000	0.0972227	0.0242366
11001	0.0969434	0.0220618
11002	0.0968323	0.0339242
11003	0.0989483	0.0338368
11004	0.132012	0.0452851
11005	0.127385	0.0417662
11006	0.141228	0.00855234
11007	0.124357	0.00905424
11008	0.0762111	0.0419734
11009	0.0960687	0.0306489
11010	0.0993854	0.0311404
11011	0.097196	0.0446342
11012	0.124178	0.0246242
11013	0.131827	0.00650763
11014	0.127127	0.0230691
11016	0.0934211	0.0236351
11017	0.0938641	0.0325204
11018	0.0944545	0.0377151
11019	0.0963383	0.055151
11020	0.0876515	0.0318928
11021	0.106554	0.0263437
11022	0.105668	0.0202818
11023	0.105991	0.0392663
11024	0.0913865	0.0479048
11025	0.0947675	0.050491
11026	0.0940212	0.0289497
11027	0.0842959	0.0455019
11028	0.108356	0.0580613
11029	0.108313	0.0297264
11030	0.107082	0.0253536
11031	0.10876	0.0323977
11032	0.0948901	0.0587293
11033	0.0949493	0.0425923
11034	0.0925718	0.00554937
11035	0.1039	0.0363471
11036	0.0850466	0.0307742
11037	0.0851605	0.0509153
11038	0.08434	0.0377953
11039	0.0847087	0.0381502
11040	0.0908741	0.0467494
11041	0.0935651	0.0474812
11042	0.0916649	0.0543738
11043	0.0936728	0.0434299
11044	0.0988582	0.013306
11045	0.0826624	0.0247467
11046	0.0829318	0.0430638
11047	0.0827061	0.0339594
11048	0.0912627	0.0413169
11049	0.0908285	0.0408747
11050	0.0891586	0.0346059
11051	0.0911038	0.0244486
11052	0.0681061	0.0290491
11053	0.0890744	0.0359956
11054	0.0866672	0.0223296
11055	0.0888199	0.0423654
11056	0.0892314	0.0304042
11057	0.0884725	0.0397944
11058	0.0891763	0.00621339
11059	0.0878005	0.0212656
11060	0.0900834	0.0451039
11061	0.0860382	0.021655
11062	0.0875586	0.0217215
11063	0.0870403	0.0442725
12000	0.105518	0.0215232
12001	0.106017	0.0234355
12002	0.117073	0.040015
12003	0.107552	0.0311841
12004	0.13739	0.0356055
12005	0.133437	0.0246697
12006	0.153309	0.0119502
12007	0.131329	0.0187354
12008	0.0912821	0.0301535
12009	0.0902027	0.0431861
12010	0.109005	0.0672681
12011	0.105206	0.029319
12012	0.131777	0.0320174
12013	0.137952	0.00681291
12014	0.137259	0.019066
12015	0.137356	0.0237644
12016	0.101915	0.0310006
12017	0.0883266	0.0292248
12018	0.102569	0.02285
12019	0.104963	0.0410435
12020	0.114023	0.0282241
12021	0.0899493	0.0503706
12022	0.115067	0.024914
12023	0.113779	0.0245003
12024	0.100598	0.00477878
12025	0.103465	0.0621868
12026	0.102579	0.0267731
12027	0.102663	0.0236122
12028	0.113948	0.037339
12029	0.115715	0.0317926
12030	0.115703	0.0857289
12031	0.116672	0.0601739
12032	0.102966	0.0215062
12033	0.105057	0.0294719
12034	0.103501	0.0360742
12035	0.108294	0.0220491
12036	0.0959504	0.0230944
12037	0.0939391	0.0302747
12038	0.0957406	0.0318971
12040	0.102092	0.0439379
12041	0.105692	0.0619593
12042	0.103028	0.03293
12043	0.103207	0.0304159
12044	0.0956987	0.0292756
12045	0.0650725	0.0541846
12046	0.0956272	0.020903
12047	0.097949	0.0565534
12048	0.101616	0.0433683
12050	0.102996	0.0487269
12051	0.103396	0.0119175
12052	0.0980613	0.0470114
12053	0.0966391	0.0349065
12054	0.0979832	0.037027
12055	0.0971248	0.0348433
12056	0.100745	0.00991322
12057	0.102029	0.0215545
12058	0.103267	0.034932
12059	0.0985208	0.0117546
12060	0.104085	0.0559799
12061	0.101195	0.0435061
12062	0.100345	0.0478036
12063	0.100199	0.0604701
13000	0.0851642	0.0205131
13001	0.0855629	0.028631
13002	0.0844459	0.0205031
13003	0.0860855	0.0421489
13004	0.10975	0.0320105
13006	0.113262	0.0364158
13007	0.113016	0.0177734
13008	0.0785348	0.056034
13009	0.0851413	0.0355106
13010	0.0921867	0.143506
13011	0.0843194	0.020424
13012	0.109618	0.0338724
13013	0.114162	0.023609
13014	0.115296	0.060046
13015	0.112874	0.0228131
13016	0.0437801	0.0343719
13017	0.0980688	0.0268031
13018	0.0862661	0.0276147
13019	0.0855015	0.034556
13020	0.094793	0.0468161
13021	0.108865	0.0301581
13022	0.0911406	0.0304205
13023	0.0928093	0.0303309
13024	0.0837009	0.0386787
13025	0.0833731	0.0221349
13026	0.0848882	0.03039
13027	0.0877858	0.0288477
13028	0.0903482	0.0673007
13029	0.0925236	0.0357885
13030	0.0916866	0.0301765
13031	0.0465771	0.0692375
13032	0.0842675	0.0225086
13033	0.0848533	0.0198692
13034	0.0843195	0.0280096
13035	0.0871212	0.0399625
13036	0.0769907	0.0412619
13037	0.0756204	0.0294009
13038	0.0754891	0.034527
13039	0.0756438	0.0277118
13040	0.0600996	0.0342142
13041	0.0841989	0.0287772
13042	0.0810103	0.0288591
13043	0.0852478	0.0300845
13044	0.0755025	0.0250612
13046	0.0792014	0.0625683
13047	0.0751355	0.0326035
13048	0.0820004	0.0295561
13049	0.083171	0.0387571
13050	0.0806212	0.0549834
13051	0.0828032	0.0433126
13052	0.0776843	0.0236809
13053	0.0407562	0.0449596
13054	0.0787933	0.035248
13055	0.0795846	0.0452182
13056	0.0821505	0.0431111
13057	0.0993822	0.0270602
13058	0.0809003	0.0154158
13059	0.0817139	0.0239155
13060	0.0831388	0.0326578
13061	0.0794625	0.0411347
13062	0.0798131	0.0352763
13063	0.0856761	0.0222723
14000	0.0707094	0.0304142
14001	0.0936312	0.0352726
14002	0.0909997	0.0438828
14003	0.0931786	0.0236922
14004	0.11182	0.0076289
14005	0.111309	0.0332894
14006	0.111911	0.0259838
14007	0.113879	0.0471524
14008	0.0926888	0.0214747
14009	0.0920669	0.0243325
14011	0.0930137	0.0396649
14012	0.111265	0.0405279
14013	0.115714	0.0495321
14014	0.113861	0.0131716
14015	0.116999	0.0614908
14016	0.0925988	0.0163846
14017	0.0822635	0.0438761
14018	0.0935044	0.0396694
14019	0.0922192	0.0262149
14020	0.0983066	0.0183801
14021	0.0994622	0.0489504
14022	0.098252	0.0388266
14023	0.0987537	0.0268251
14024	0.0918854	0.0348318
14025	0.0694166	0.0416355
14029	0.0935711	0.017283
14030	0.0966023	0.019764
14032	0.0968807	0.0533766
14033	0.0451273	0.0284706
14034	0.095908	0.0366728
14035	0.102619	0.116709
14036	0.0877319	0.0291312
14037	0.0850553	0.0213689
14038	0.0874499	0.0358687
14040	0.0914569	0.0210094
14041	0.0930791	0.0431835
14042	0.0929047	0.0596387
14043	0.0918663	0.027359
14044	0.0857015	0.0283074
14045	0.086183	0.02295
14046	0.0856574	0.0206131
14047	0.085564	0.0329351
14049	0.0441419	0.0258088
14050	0.0440337	0.0349008
14051	0.0928929	0.0215942
14052	0.0907939	0.0271418
14053	0.0909052	0.0520247
14054	0.0427785	0.0293279
14055	0.0898969	0.0371087
14056	0.0916979	0.0414838
14057	0.0897847	0.0738636
14058	0.0906209	0.0172741
14059	0.0915519	0.0456906
14060	0.0919294	0.0167157
14061	0.0889042	0.0135062
14062	0.0893582	0.0392525
14063	0.0890846	0.0462057
15000	0.0883901	0.0279191
15001	0.0432981	0.0436865
15002	0.0884367	0.0416335
15003	0.0877265	0.027267
15004	0.0785005	0.0160196
15005	0.101801	0.00811799
15006	0.0995777	0.0204942
15007	0.105829	0.0332978
15009	0.0870908	0.0451118
15010	0.0882141	0.0245491
15011	0.0873086	0.0275588
15012	0.100422	0.045229
15013	0.100568	0.0265586
15014	0.102343	0.018748
15015	0.103505	0.00939979
15016	0.0888737	0.0424929
15017	0.0906994	0.0554473
15018	0.0888107	0.0150161
15019	0.0885572	0.0210028
15020	0.0918042	0.0258412
15021	0.09003	0.0191557
15022	0.0899056	0.0501716
15023	0.0895195	0.00525931
15024	0.08926	0.0452062
15025	0.0859643	0.0470165
15026	0.0896559	0.0427371
15027	0.0906253	0.0206149
15028	0.0887163	0.0234945
15029	0.0921478	0.0364694
15030	0.0901328	0.0288209
15031	0.0905857	0.0231495
15032	0.0886624	0.02418
15033	0.0889797	0.0293254
15034	0.0871146	0.0183738
15035	0.0883752	0.028176
15036	0.0837283	0.0149496
15037	0.0819553	0.0209775
15038	0.0840255	0.0284345
15039	0.0847573	0.0494862
15040	0.0873011	0.016556
15041	0.0881937	0.0411767
15042	0.0867427	0.0200712
15043	0.0890914	0.0286118
15044	0.0824967	0.0271583
15045	0.0836463	0.04217
15046	0.0828518	0.016421
15048	0.0878162	0.0422614
15049	0.0873699	0.0520868
15050	0.0863079	0.0357442
15051	0.0878535	0.0376184
15052	0.0647091	0.0552298
15053	0.0868644	0.0368739
15054	0.0858071	0.0345275
15055	0.0402217	0.0296611
15056	0.0845006	0.0111229
15057	0.0864039	0.00883983
15058	0.0634017	0.0236972
15059	0.0862986	0.0448822
15060	0.090228	0.0180658
15061	0.0867483	0.0322599
15062	0.0889873	0.0328986
15063	0.0861661	0.0459704
16000	0.0783469	0.0436906
16001	0.0785197	0.0406641
16002	0.076177	0.0249798
16003	0.0780992	0.0452086
16004	0.0899067	0.0184172
16005	0.0814084	0.0321656
16006	0.0928239	0.0135541
16007	0.0951057	0.0289525
16008	0.0764287	0.0267917
16009	0.0561678	0.0230459
16010	0.0773459	0.0244825
16011	0.076242	0.0308465
16012	0.0897966	0.041471
16013	0.0899705	0.0202119
16014	0.0934608	0.036427
16016	0.0578759	0.0414391
16017	0.076108	0.0239595
16018	0.0788906	0.0498629
16019	0.0775602	0.0210826
16020	0.0810825	0.0521683
16021	0.0824071	0.0447288
16022	0.0819494	0.0405108
16023	0.081515	0.0266769
16024	0.0757992	0.0181139
16025	0.0756863	0.0238929
16026	0.0566482	0.0382774
16027	0.0793015	0.0544843
16028	0.0782146	0.0217807
16029	0.0789256	0.018477
16030	0.0794921	0.0213636
16031	0.079785	0.0594431
16032	0.078602	0.0216324
16033	0.0581261	0.0215512
16034	0.0592032	0.0276923
16036	0.0755957	0.0427389
16037	0.0740256	0.0338247
16038	0.0746252	0.0218953
16039	0.0752079	0.0280383
16040	0.0784898	0.042076
16041	0.0392095	0.0655398
16042	0.076274	0.0338078
16043	0.0582173	0.0479951
16044	0.0743994	0.0835118
16045	0.0749497	0.0169721
16046	0.0741107	0.0222148
16047	0.0743353	0.0337056
16048	0.0760491	0.0148184
16049	0.0760488	0.0226447
16050	0.0771428	0.0230298
16051	0.0578941	0.0251635
16052	0.0785633	0.0243455
16053	0.0791062	0.0310825
16054	0.0777078	0.021213
16055	0.0776279	0.0235258
16056	0.0764738	0.052603
16057	0.0762389	0.0236555
16058	0.075862	0.017993
16059	0.0757497	0.0390345
16060	0.0818515	0.049616
16061	0.079669	0.0362415
16062	0.0792425	0.0274654
16063	0.0783671	0.0380843
17000	0.152806	0.00806418
17001	0.153956	0.00882609
17002	0.150575	0.00747764
17003	0.156287	0.0103437
17004	0.189808	0.0609552
17005	0.188683	0.0806096
17006	0.475392	0.0543565
17007	0.208018	0.000614939
17008	0.130735	0.0108719
17009	0.153245	0.00708277
17010	0.156686	0.0110181
17011	0.153016	0.0106207
17012	0.217292	0.0089213
17013	0.202339	0.0100483
17014	0.218235	0.000737647
17015	0.203694	0.000763166
17016	0.120754	0.0294923
17017	0.119647	0.0242046
17018	0.13394	0.0111062
17019	0.14418	0.00703053
17020	0.177577	0.000630199
17021	0.169924	0.0148726
17022	0.173013	0.00763356
17023	0.149122	0.0337777
17025	0.141989	0.0113597
17026	0.14567	0.0180002
17027	0.152955	0.00700674
17028	0.149622	0.0397236
17029	0.151044	0.00601946
17030	0.171826	0.0106189
17031	0.153727	0.0388469
17032	0.120714	0.0167963
17033	0.1372	0.00799891
17034	0.117588	0.0283308
17035	0.149701	0.0277211
17036	0.120224	0.0305591
17037	0.118717	0.020107
17038	0.120527	0.029677
17039	0.112497	0.115751
17040	0.135181	0.0282547
17041	0.137451	0.0110597
17042	0.130109	0.00855814
17043	0.125897	0.038221
17044	0.120406	0.0263657
17045	0.123899	0.0450915
17046	0.122862	0.0292674
17047	0.1217	0.0477308
17048	0.130223	0.0482658
17049	0.132848	0.0652809
17050	0.104076	0.00794422
17051	0.106051	0.0110354
17052	0.10435	0.0266469
17053	0.10249	0.0325431
17054	0.110415	0.0412911
17055	0.127921	0.0382047
17056	0.110896	0.0254653
17057	0.105316	0.0290122
17058	0.129029	0.0112014
17059	0.121229	0.0571059
17060	0.138177	0.00953721
17061	0.13004	0.0547734
17062	0.126883	0.0201931
17063	0.111198	0.0285857
18000	0.149174	0.0493711
18001	0.126594	0.00790554
18002	0.126462	0.0121673
18003	0.147162	0.00918051
18004	0.172021	0.000562783
18005	0.126668	0.00042534
18006	0.196187	0.022608
18007	0.190433	0.00668001
18008	0.123837	0.0276597
18009	0.146028	0.0119403
18010	0.127096	0.0290978
18011	0.145681	0.0320597
18012	0.166638	0.0213447
18013	0.189514	0.000445099
18014	0.0989212	2.375e-06
18015	0.196812	0.0157118
18016	0.133785	0.0231266
18017	0.134908	0.0222764
18018	0.139358	0.0448158
18019	0.137142	0.0127563
18020	0.166325	0.0547477
18021	0.16141	0.0474917
18022	0.162233	0.00761945
18023	0.141356	0.0114171
18024	0.110136	0.0184186
18025	0.118306	0.0287278
18026	0.131691	0.0345207
18027	0.150762	0.0502998
18028	0.136295	0.0296988
18029	0.163099	0.0101293
18030	0.162507	0.019436
18031	0.166593	0.0235331
18032	0.127081	0.0297592
18033	0.11001	0.0316688
18034	0.124593	0.0365285
18035	0.118034	0.0418029
18036	0.111044	0.0509691
18037	0.0826447	0.0326832
18038	0.113699	0.0435093
18039	0.113481	0.0309588
18040	0.130323	0.031591
18041	0.132232	0.0484702
18042	0.126273	0.00664868
18043	0.127391	0.0154529
18044	0.0915218	0.0414189
18045	0.116024	0.0483947
18046	0.114601	0.0785103
18047	0.0930578	0.0521473
18048	0.123342	0.0566496
18049	0.121675	0.0273505
18050	0.121283	0.044924
18051	0.122941	0.0212332
18052	0.117848	0.0329277
18053	0.0970486	0.0303213
18054	0.118216	0.0380789
18055	0.115314	0.061199
18056	0.122101	0.0104829
18057	0.121586	0.00660401
18058	0.0959108	0.0151195
18059	0.0932848	0.0221279
18060	0.139434	0.0100043
18061	0.122661	0.0400366
18062	0.120196	0.0207054
18063	0.120532	0.0440141
19000	0.138788	0.0329546
19001	0.123926	0.04164
19002	0.119139	0.0132838
19003	0.123174	0.0118688
19004	0.156357	0.00937052
19005	0.160892	0.0117663
19006	0.165485	0.0231696
19007	0.161053	0.0783887
19008	0.121876	0.0256141
19010	0.125723	0.0430011
19011	0.120909	0.0320438
19012	0.157276	0.00660728
19013	0.166078	0.0350967
19014	0.152086	0.0200087
19015	0.166211	0.010463
19016	0.117198	0.0537343
19017	0.113648	0.0222716
19018	0.11663	0.0447318
19019	0.120396	0.0634787
19020	0.136519	0.0070406
19022	0.142225	0.0918452
19023	0.135113	0.029544
19024	0.115492	0.0351131
19025	0.116322	0.0424178
19026	0.0932782	0.0211897
19027	0.123796	0.045275
19028	0.111836	0.0395544
19029	0.114224	0.0224137
19030	0.13734	0.0268548
19031	0.138534	0.00922845
19032	0.107086	0.0436402
19033	0.114148	0.0229798
19034	0.11167	0.0327121
19035	0.114154	0.0338881
19038	0.0982126	0.026771
19039	0.101382	0.0769881
19040	0.0966131	0.0214566
19041	0.110948	0.0216489
19042	0.111102	0.0435619
19043	0.110029	0.0462936
19044	0.0975356	0.0482687
19045	0.0985439	0.0283849
19046	0.0988645	0.0347215
19047	0.0983069	0.0498369
19048	0.107126	0.0420768
19049	0.0837845	0.0347084
19050	0.104976	0.0168879
19051	0.108643	0.0316238
19052	0.102138	0.0224206
19053	0.10488	0.0259114
19054	0.1033	0.0372828
19055	0.102771	0.0342349
19056	0.106883	0.0331167
19057	0.107801	0.0241649
19058	0.108192	0.0284886
19060	0.112679	0.0447282
19061	0.1041	0.0481594
19062	0.102658	0.0240709
19063	0.102243	0.0253006
20000	0.1082	0.0233581
20001	0.109247	0.0321492
20002	0.107044	0.0255873
20003	0.094801	0.0436407
20004	0.140647	0.0603364
20005	0.141326	0.0088957
20006	0.123604	0.0501043
20007	0.129062	0.00834182
20008	0.108533	0.0154778
20010	0.110143	0.0365026
20011	0.10438	0.0353584
20012	0.137811	0.0405443
20013	0.144928	0.0305235
20014	0.130264	0.0400486
20015	0.143391	0.0387515
20016	0.102962	0.0293327
20017	0.102165	0.0623412
20018	0.107585	0.0801893
20019	0.104227	0.0279121
20020	0.119397	0.00607014
20021	0.117593	0.0262226
20022	0.119417	0.0465192
20023	0.12095	0.0289216
20024	0.099607	0.0206454
20025	0.10072	0.0326132
20026	0.104003	0.0400957
20027	0.0782356	0.0277126
20028	0.114804	0.0181547
20029	0.12278	0.05797
20030	0.117165	0.0188976
20031	0.119929	0.0412542
20032	0.10275	0.0471824
20033	0.10213	0.0308986
20034	0.0996329	0.0288699
20035	0.102587	0.0196594
20036	0.0877152	0.0218714
20037	0.0849758	0.0345869
20038	0.0888557	0.0511032
20041	0.100983	0.0209945
20042	0.100617	0.0440888
20043	0.100677	0.033095
20044	0.0878441	0.0358988
20045	0.0889895	0.0319507
20046	0.0679103	0.0194035
20047	0.0883621	0.051519
20048	0.0936037	0.0194395
20049	0.0959747	0.0389554
20050	0.0931177	0.0226
20051	0.0968507	0.0264058
20052	0.0932377	0.0495384
20053	0.0932314	0.0326713
20054	0.0909318	0.0312042
20055	0.0912356	0.0281345
20056	0.044651	0.0142617
20057	0.0963176	0.0510699
20058	0.0968744	0.0359679
20059	0.0942513	0.0303818
20060	0.10077	0.0312314
20061	0.0929145	0.0283726
20062	0.0918724	0.00636798
20063	0.0945186	0.0752336
21000	0.144439	0.0203976
21001	0.145701	0.0349479
21002	0.143954	0.040845
21003	0.145985	0.0313327
21004	0.194752	0.0192857
21005	0.193168	0.0120721
21006	0.180331	0.0397246
21007	0.167174	0.0109419
21008	0.145192	0.00885572
21009	0.143533	0.00744439
21010	0.163517	0.00754162
21011	0.146005	0.0444721
21012	0.194207	0.0665638
21013	0.1992	0.00756857
21014	0.196145	0.00782037
21015	0.185337	0.0153685
21016	0.138368	0.0490515
21017	0.121307	0.0399264
21018	0.137284	0.0254201
21019	0.139648	0.0124768
21020	0.170078	0.0936634
21022	0.161153	0.0143823
21023	0.157461	0.0431094
21024	0.137851	0.037567
21026	0.139766	0.0369187
21027	0.124368	0.0554025
21028	0.157838	0.0351015
21029	0.141716	0.0401528
21030	0.161677	0.0109482
21031	0.168155	0.037302
21032	0.133943	0.0297519
21033	0.132528	0.0489455
21034	0.134472	0.0344207
21035	0.139634	0.0371169
21036	0.119956	0.0244924
21037	0.107992	0.0270455
21038	0.119771	0.0405328
21040	0.131299	0.018706
21041	0.13324	0.0229125
21042	0.13602	0.0556803
21043	0.134611	0.0297686
21044	0.122431	0.0475759
21045	0.107127	0.0657513
21047	0.119122	0.0315612
21048	0.128867	0.0254451
21049	0.107371	0.0328927
21050	0.127217	0.0189149
21051	0.134884	0.0644733
21052	0.110305	0.0377326
21053	0.121125	0.0296777
21054	0.121935	0.03684
21055	0.122385	0.0516064
21056	0.131899	0.0494828
21057	0.12874	0.00710493
21058	0.129512	0.0226663
21059	0.109718	0.0443215
21060	0.130815	0.0102629
21061	0.123334	0.0348709
21062	0.12449	0.0395087
21063	0.121973	0.039775
22000	0.119746	0.0563962
22001	0.118106	0.0323475
22002	0.116082	0.0228483
22003	0.1193	0.0227189
22004	0.149076	0.00768357
22005	0.155314	0.0445573
22006	0.15633	0.0128977
22007	0.145114	0.00792872
22008	0.122258	0.122733
22010	0.122548	0.0404028
22011	0.119179	0.00595834
22012	0.159377	0.0242372
22013	0.163168	0.0168724
22014	0.155929	0.0361925
22015	0.162114	0.0187615
22016	0.112891	0.0611968
22017	0.112954	0.030113
22018	0.112167	0.0221014
22019	0.115365	0.0401975
22020	0.132947	0.0352045
22021	0.129827	0.0232558
22022	0.131313	0.0639098
22023	0.131281	0.048801
22024	0.112267	0.0260622
22025	0.111358	0.0223764
22026	0.113327	0.0216106
22027	0.12422	0.0358117
22028	0.129593	0.0349855
22029	0.135457	0.0361033
22030	0.132432	0.0508208
22032	0.114778	0.0560885
22033	0.112761	0.025884
22034	0.110483	0.0354756
22036	0.101188	0.0327006
22037	0.0998437	0.037229
22038	0.100025	0.0227557
22039	0.101636	0.0498743
22040	0.109329	0.00659986
22041	0.109617	0.0171069
22042	0.108213	0.0197279
22043	0.109356	0.019553
22044	0.0982578	0.030394
22045	0.103106	0.0623621
22046	0.100057	0.0646949
22047	0.103784	0.0788142
22048	0.107103	0.0265316
22049	0.106387	0.00557539
22051	0.11411	0.0577006
22052	0.102264	0.0340848
22053	0.103264	0.0251177
22054	0.103156	0.0411308
22055	0.101222	0.0322124
22056	0.106812	0.00874689
22057	0.0766078	0.015815
22058	0.107017	0.020442
22060	0.114012	0.00825989
22062	0.103016	0.0307947
22063	0.103026	0.0341141
23000	0.104793	0.0455234
23001	0.105227	0.0336137
23002	0.101147	0.0216548
23003	0.103958	0.0199988
23004	0.126989	0.0133607
23005	0.135113	0.0580015
23006	0.122851	0.0435206
23007	0.134014	0.0543839
23008	0.106254	0.0520715
23009	0.103562	0.0169231
23010	0.0917327	0.0317121
23011	0.104381	0.0170128
23012	0.122717	0.0292678
23013	0.133283	0.00669247
23014	0.134522	0.00918001
23015	0.134472	0.0526829
23016	0.102271	0.038866
23017	0.101041	0.025871
23018	0.104307	0.0388009
23019	0.104802	0.052431
23020	0.116167	0.0376418
23021	0.112735	0.0199549
23023	0.112266	0.00791537
23024	0.10128	0.0272529
23025	0.100707	0.024906
23026	0.102925	0.0332961
23027	0.10607	0.0239566
23028	0.106357	0.0457762
23029	0.118267	0.0587638
23030	0.116585	0.0327356
23031	0.116518	0.0306755
23033	0.0899807	0.0162972
23034	0.0982464	0.0194392
23035	0.100079	0.0411404
23036	0.0841006	0.0235687
23037	0.082448	0.0288364
23038	0.084414	0.0273212
23039	0.0830717	0.0197907
23040	0.0965004	0.0227565
23041	0.100485	0.0453802
23042	0.0980711	0.0268804
23043	0.0991602	0.03
23044	0.085751	0.0948182
23045	0.0853282	0.0429712
23046	0.0845237	0.0263426
23047	0.0850651	0.0377245
23048	0.0936215	0.0273162
23049	0.0943861	0.025548
23050	0.0943516	0.0377568
23051	0.0956078	0.0246325
23052	0.0919041	0.10726
23053	0.0920084	0.0539979
23054	0.0883974	0.0388354
23055	0.0886258	0.0520685
23056	0.0933128	0.020255
23057	0.0931932	0.0128229
23058	0.0933219	0.0273089
23059	0.0939122	0.0267246
23060	0.0966817	0.0435345
23061	0.0918891	0.0665241
23062	0.0888173	0.0579485
24000	0.090069	0.0421068
24001	0.0891834	0.0277888
24002	0.0901147	0.0337866
24003	0.0907101	0.0170134
24004	0.130284	0.00689937
24005	0.118086	0.0673412
24006	0.119291	0.0158915
24007	0.122042	0.0568692
24008	0.0900273	0.0326578
24009	0.0896517	0.0313089
24010	0.0917373	0.0462413
24011	0.0704465	0.0401794
24012	0.115882	0.0363123
24013	0.120692	0.0581504
24014	0.120147	0.00943436
24015	0.137882	0.0453794
24016	0.0857236	0.0320344
24018	0.0887741	0.0280458
24019	0.0849703	0.0284604
24020	0.102461	0.0517671
24021	0.100165	0.05153
24022	0.100571	0.0450287
24023	0.100035	0.0266654
24024	0.0868124	0.0408016
24025	0.0860083	0.0279125
24026	0.0869097	0.0277739
24027	0.0952776	0.0401951
24028	0.0990888	0.0363405
24029	0.099758	0.017068
24030	0.0792522	0.0355565
24031	0.101517	0.0206667
24032	0.0884563	0.0472751
24034	0.0859785	0.0318466
24035	0.103582	0.0283573
24037	0.0765375	0.0390521
24038	0.0790656	0.0356671
24039	0.0781408	0.0244768
24040	0.0853987	0.0392681
24042	0.0845761	0.0305283
24043	0.0857196	0.0518869
24044	0.0803209	0.0528237
24045	0.0793322	0.0823072
24046	0.0780594	0.0219472
24047	0.0791461	0.0440202
24048	0.0841894	0.0325194
24049	0.085287	0.0365713
24050	0.0853389	0.0485834
24051	0.0856116	0.0224509
24052	0.0817966	0.0316868
24053	0.0853556	0.0377682
24054	0.0815247	0.0268099
24055	0.0818621	0.0209729
24056	0.0817224	0.0301545
24057	0.0778597	0.0551572
24058	0.085008	0.0335013
24059	0.0834694	0.0289684
24060	0.0920587	0.0423389
24061	0.0828412	0.0179284
24063	0.0822948	0.0294325
25000	0.0641868	0.024513
25001	0.0639862	0.0329364
25002	0.0643288	0.0152248
25003	0.0651654	0.030244
25004	0.086779	0.0467851
25005	0.0836736	0.0259743
25006	0.0842438	0.0388604
25007	0.0622323	0.0436229
25008	0.0646046	0.044083
25009	0.063962	0.03321
25010	0.0648018	0.0320921
25011	0.0481208	0.023176
25012	0.0836805	0.0233509
25013	0.0861729	0.0395319
25014	0.0844742	0.026084
25015	0.0746397	0.0350162
25016	0.0661048	0.0269506
25017	0.0644659	0.022237
25018	0.0681697	0.0282165
25020	0.0539765	0.0614314
25021	0.0683387	0.0257022
25022	0.0683666	0.0218616
25023	0.0688104	0.0303711
25024	0.0649494	0.0251631
25025	0.0654257	0.0221867
25026	0.0679762	0.0676816
25027	0.0470244	0.0516133
25028	0.067877	0.0501089
25029	0.0679273	0.0356935
25030	0.0677486	0.0216011
25031	0.068861	0.0328045
25032	0.066341	0.0202516
25033	0.0665662	0.0259338
25034	0.0662317	0.0296459
25035	0.0722352	0.0440548
25036	0.0597354	0.0262464
25037	0.0583642	0.0216168
25038	0.0606379	0.0450792
25040	0.0644107	0.0395221
25041	0.0351457	0.0289131
25042	0.0670974	0.0309775
25043	0.0661983	0.0445631
25044	0.0607287	0.0210887
25045	0.0607362	0.025736
25046	0.0602032	0.0227407
25047	0.0594457	0.0382791
25048	0.0655179	0.0467414
25050	0.0636193	0.0416149
25051	0.0646725	0.0310826
25052	0.0649571	0.0265545
25053	0.0637655	0.0317731
25054	0.0639242	0.0334999
25055	0.0657102	0.055714
25056	0.061146	0.018027
25057	0.0634916	0.0186412
25058	0.033982	0.0378613
25059	0.0596936	0.0141271
25060	0.0672195	0.0383981
25061	0.0650097	0.0315009
25062	0.0513754	0.0338446
25063	0.065763	0.0329488
26000	0.0653979	0.0292321
26001	0.0659994	0.0397001
26002	0.0652451	0.0215999
26004	0.0784864	0.0398217
26005	0.0786544	0.0579161
26006	0.0783799	0.0380137
26007	0.0775853	0.02347
26008	0.0676107	0.0427014
26009	0.0651995	0.0180334
26010	0.0668388	0.0233712
26011	0.0661359	0.0308282
26012	0.0798221	0.0499279
26013	0.0821478	0.038525
26014	0.0804268	0.0650386
26015	0.0829784	0.0579995
26016	0.0680025	0.0256935
26017	0.0672263	0.0244146
26018	0.0885671	0.0419587
26019	0.0690758	0.0551227
26021	0.0671611	0.0211967
26022	0.0681092	0.0359115
26023	0.0679399	0.0307618
26024	0.0689298	0.036719
26025	0.0688162	0.0286092
26026	0.0685174	0.0418248
26027	0.0682499	0.0274047
26028	0.0729381	0.024578
26030	0.0695639	0.0393037
26032	0.0693632	0.0261412
26033	0.0708652	0.0450855
26034	0.0828297	0.00163596
26035	0.0713282	0.0324411
26036	0.0627652	0.0369931
26037	0.0622859	0.0411766
26038	0.062016	0.0374955
26039	0.0627295	0.0389485
26040	0.0682092	0.0331215
26042	0.0676406	0.0383728
26043	0.0701156	0.0877569
26044	0.062996	0.0380788
26045	0.0620319	0.0306091
26046	0.0488379	0.0357965
26047	0.0630294	0.0418347
26048	0.0370557	0.0210976
26049	0.0666414	0.0311161
26050	0.0643663	0.0103458
26051	0.0681556	0.0281298
26052	0.0673459	0.0256381
26053	0.0669795	0.0852916
26056	0.0653641	0.022203
26057	0.0347941	0.0366766
26058	0.0686315	0.0414777
26059	0.0663035	0.0343483
26060	0.0707396	0.0597369
26061	0.0681636	0.0343319
26062	0.0678459	0.0270011
27000	0.0724156	0.0288486
27001	0.0718353	0.0275481
27002	0.0711441	0.0205539
27003	0.0530035	0.0438214
27004	0.0851065	0.0267158
27005	0.0838564	0.0277937
27006	0.0854869	0.0530162
27007	0.0845339	0.0266315
27008	0.0724029	0.0213188
27009	0.0713469	0.0226535
27010	0.0731747	0.0321947
27011	0.0732926	0.0418697
27012	0.083237	0.048273
27013	0.0839477	0.0322033
27014	0.08345	0.0160652
27015	0.0839843	0.0345934
27016	0.0746014	0.0603883
27017	0.0750784	0.0310929
27018	0.0762624	0.0202158
27019	0.0767681	0.0458005
27020	0.0869878	0.0294036
27021	0.0749587	0.056609
27022	0.0747638	0.0278146
27023	0.0742061	0.0325497
27024	0.0756935	0.0345506
27025	0.0757472	0.0319457
27026	0.0760337	0.0338364
27027	0.0748693	0.031481
27028	0.0724714	0.0296218
27029	0.074308	0.0411715
27031	0.07396	0.0243049
27032	0.0762399	0.0230025
27033	0.0768091	0.0192119
27034	0.0369793	0.0413714
27035	0.0827473	0.0563942
27036	0.0694843	0.0386358
27037	0.0679412	0.0364346
27038	0.0646375	0.0441386
27039	0.0701508	0.0419501
27040	0.0380484	0.0185792
27041	0.0807374	0.0334405
27043	0.0755281	0.0184402
27044	0.0700375	0.0269321
27045	0.0703269	0.039781
27047	0.0710265	0.0404135
27048	0.0739397	0.019417
27049	0.0744159	0.0123508
27050	0.0750126	0.0324945
27051	0.0750753	0.016793
27052	0.0739159	0.0677807
27053	0.0738917	0.0663671
27054	0.073838	0.0458656
27056	0.0724845	0.0268426
27057	0.0749257	0.0282912
27058	0.0748474	0.0216776
27059	0.074272	0.0158219
27060	0.0742261	0.0136649
27061	0.0757158	0.0536263
27062	0.0758644	0.0419711
27063	0.0752489	0.0484069
28000	0.0665905	0.0315876
28001	0.0666112	0.0261124
28002	0.0662338	0.0291906
28003	0.0488972	0.0230863
28005	0.0781061	0.033744
28006	0.0803686	0.04406
28007	0.0795412	0.0294743
28008	0.0679258	0.0444086
28009	0.048355	0.0400693
28010	0.0674081	0.0276205
28011	0.0667163	0.0363701
28013	0.0795701	0.0465129
28014	0.0779997	0.0365839
28015	0.0783361	0.0219447
28016	0.0359768	0.022793
28017	0.0697648	0.0262384
28018	0.0717297	0.02227
28019	0.0664173	0.0391067
28020	0.0705252	0.033702
28021	0.0687752	0.032914
28022	0.0687308	0.0247972
28023	0.0697689	0.0207047
28024	0.0694051	0.029187
28025	0.0692774	0.0567661
28027	0.0691019	0.0315696
28028	0.0360093	0.0388948
28029	0.0688053	0.0243817
28030	0.0685135	0.0202477
28031	0.0693371	0.04715
28032	0.0694813	0.0492019
28033	0.0720294	0.0236454
28034	0.071962	0.0166383
28035	0.0766414	0.0342864
28036	0.0655961	0.0260645
28037	0.064828	0.02808
28038	0.0669577	0.0398169
28039	0.0659092	0.031182
28040	0.071926	0.0293359
28041	0.0718098	0.0304486
28042	0.0715023	0.0342296
28043	0.0706986	0.0164009
28044	0.0655704	0.0256661
28045	0.0667233	0.0378778
28046	0.0658742	0.0233489
28047	0.0672685	0.0479296
28048	0.0693	0.0204242
28049	0.07046	0.0391019
28050	0.0489052	0.0345476
28052	0.0718607	0.0590047
28053	0.0747075	0.0603036
28054	0.0712772	0.0271863
28055	0.071116	0.0268567
28056	0.0686038	0.0152491
28057	0.0697989	0.0157995
28058	0.0704556	0.033895
28059	0.0694001	0.0254778
28060	0.0731692	0.046009
28061	0.0731151	0.0240884
28062	0.073524	0.044833
28063	0.0720819	0.0251833
